-4585.1049
-4573.5326
-4548.1223
-4525.3410
-4542.8995
-4550.9376
-4543.8652
-4570.4109
-4550.4225
-4585.2078
-4577.3788
-4583.5594
-4605.5086
-4615.4200
-4583.6069
-4534.2492
-4571.4911
-4580.2937
-4555.4327
-4567.5687
-4566.0038
-4547.9737
-4603.6717
-4611.0889
-4694.2189
-4678.6558
-4679.2889
-4650.4214
-4637.4849
-4677.2461
-4659.6974
-4592.8300
-4622.1237
-4626.0868
-4614.5996
-4625.5348
-4569.7752
-4625.0792
-4653.4614
-4637.6852
-4643.8673
-4619.5255
-4663.3843
-4631.8386
-4680.3524
-4722.1579
-4696.5022
-4729.6126
-4703.1835
-4707.8668
-4660.0768
-4673.0967
-4656.3795
-4627.9210
-4599.7806
-4648.8831
-4649.4773
-4665.3345
-4693.9727
-4726.4832
-4744.9909
-4788.9469
-4724.8673
-4724.9143
-4685.3320
-4721.0018
-4755.1232
-4810.7441
-4796.7949
-4737.2496
-4735.1629
-4733.8855
-4781.2227
-4789.1473
-4813.7562
-4817.4775
-4822.1009
-4788.4856
-4816.5778
-4843.6187
-4867.3389
-4829.6258
-4839.4063
-4856.7404
-4827.9999
-4789.4960
-4807.4737
-4822.8427
-4841.7963
-4852.5445
-4794.1774
-4795.4408
-4843.1092
-4861.5219
-4861.1394
-4874.9262
-4895.8931
-4925.8895
-4973.8736
-4988.7908
-4945.5981
-4916.3219
-4921.4063
-4911.1395
-4874.5853
-4874.5310
-4881.8810
-4891.6363
-4896.9142
-4912.6121
-4904.3068
-4929.8410
-4953.1665
-4984.0176
-4980.7061
-4938.8474
-4963.1656
-4955.5246
-4906.5723
-4930.7026
-4928.7367
-4857.1610
-4886.8174
-4817.6888
-4872.9481
-4894.4047
-4885.6957
-4923.2417
-4897.3522
-4892.6689
-4893.3622
-4838.7241
-4836.7701
-4760.9359
-4784.3831
-4744.1472
-4728.4061
-4750.2233
-4867.9914
-4923.5577
-4897.1107
-4911.9463
-4915.2124
-4877.7660
-4853.0504
-4857.4078
-4825.9871
-4812.0551
-4846.6835
-4846.4495
-4878.3125
-4932.9309
-4942.1183
-4939.3920
-4911.1468
-4917.1998
-4925.0586
-4901.7294
-4904.7184
-4881.9266
-4853.0225
-4887.5130
-4842.1109
-4846.9808
-4862.7402
-4851.7519
-4909.4545
-4914.8171
-4915.2172
-4930.1387
-4953.7774
-4901.9891
-4905.8510
-4926.3257
-4917.3863
-4942.2224
-4952.2746
-4916.1854
-4861.9952
-4877.2959
-4826.5819
-4876.5468
-4846.8424
-4843.3569
-4842.7350
-4834.5641
-4793.4512
-4854.0441
-4874.9529
-4835.5704
-4855.0431
-4865.4151
-4846.5908
-4807.5877
-4811.5955
-4835.6643
-4846.6731
-4851.4884
-4886.9112
-4858.1232
-4869.2450
-4907.4877
-4954.8636
-4942.2690
-5004.3931
-4980.6333
-4959.0934
-4942.9824
-4882.6145
-4857.1325
-4916.5311
-4894.3503
-4912.1722
-4912.5805
-4939.9299
-4923.4478
-4885.8822
-4879.1104
-4871.2521
-4846.9889
-4870.2887
-4814.2051
-4782.7933
-4827.9125
-4849.4257
-4896.8849
-4898.4300
-4887.3311
-4920.3260
-4929.5851
-4961.0590
-4904.5845
-4913.8577
-4893.3502
-4872.0999
-4799.1635
-4844.1789
-4857.2238
-4852.7959
-4937.0545
-4932.0827
-4903.7197
-4917.5152
-4917.0623
-4929.6231
-4911.2961
-4900.8126
-4872.0052
-4894.1473
-4926.5634
-4936.8213
-4873.3118
-4926.9161
-4915.6954
-4905.3008
-4890.1921
-4882.1300
-4916.5499
-4886.9469
-4850.5461
-4859.8111
-4846.7970
-4842.1241
-4858.2108
-4826.8505
-4795.8374
-4811.9221
-4888.6634
-4909.6700
-4933.4484
-4977.5063
-4992.3263
-4977.7844
-4966.7665
-4972.1345
-4947.9832
-4974.7886
-4973.9220
-4942.2304
-4943.4810
-4932.4172
-4962.9499
-4951.6520
-4942.7002
-4982.3862
-4983.9897
-4983.2188
-4997.9833
-5056.4832
-5022.3178
-4990.2883
-4955.9855
-4922.5797
-4918.2425
-4901.2145
-4864.5383
-4869.5219
-4922.5511
-4917.4126
-4928.8228
-4829.8013
120.4662
